Vetor desordenado:
[ 888, 556, 150, 594, 281, 561, 653, 522, 574, 21, 985, 872, 581,
271, 981, 893, 934, 396, 471, 805, 734, 696, 424, 275, 533, 930,
643, 938, 582, 209, 177, 489, 710, 123, 121, 775, 642, 844,
795, 978, 67, 727, 600, 48, 971, 886, 441, 42, 528, 136, 465,
50, 411, 997, 331, 405, 287, 264, 966, 463, 105, 675, 585,
225, 297, 711, 219, 492, 857, 548, 559, 584, 148, 958, 554,
33, 752, 995, 74, 632, 130, 891, 892, 239, 715, 649, 877,
614, 340, 435, 640, 276, 11, 937, 339, 229, 780, 195, 777, 690 ]

Vetor ordenado via bubble-sorting:
[ 11, 21, 33, 42, 48, 50, 67, 74, 105, 121, 123, 130, 136,
148, 150, 177, 195, 209, 219, 225, 229, 239, 264, 271, 275,
276, 281, 287, 297, 331, 339, 340, 396, 405, 411, 424, 435, 
441, 463, 465, 471, 489, 492, 522, 528, 533, 548, 554, 556, 
559, 561, 574, 581, 582, 584, 585, 594, 600, 614, 632, 640, 
642, 643, 649, 653, 675, 690, 696, 710, 711, 715, 727, 734, 
752, 775, 777, 780, 795, 805, 844, 857, 872, 877, 886, 888, 
891, 892, 893, 930, 934, 937, 938, 958, 966, 971, 978, 981, 
985, 995, 997 ]
Tempo total: 0.078000s

Vetor ordenado via selection-sorting:
[ 11, 21, 33, 42, 48, 50, 67, 74, 105, 121, 123, 130, 136, 
148, 150, 177, 195, 209, 219, 225, 229, 239, 264, 271, 275, 
276, 281, 287, 297, 331, 339, 340, 396, 405, 411, 424, 435, 
441, 463, 465, 471, 489, 492, 522, 528, 533, 548, 554, 556, 
559, 561, 574, 581, 582, 584, 585, 594, 600, 614, 632, 640, 
642, 643, 649, 653, 675, 690, 696, 710, 711, 715, 727, 734, 
752, 775, 777, 780, 795, 805, 844, 857, 872, 877, 886, 888, 
891, 892, 893, 930, 934, 937, 938, 958, 966, 971, 978, 981, 
985, 995, 997 ]
Tempo total: 0.040000s

Vetor ordenado via insertion-sorting:
[ 11, 21, 33, 42, 48, 50, 67, 74, 105, 121, 123, 130, 136, 
148, 150, 177, 195, 209, 219, 225, 229, 239, 264, 271, 275, 
276, 281, 287, 297, 331, 339, 340, 396, 405, 411, 424, 435, 
441, 463, 465, 471, 489, 492, 522, 528, 533, 548, 554, 556, 
559, 561, 574, 581, 582, 584, 585, 594, 600, 614, 632, 640, 
642, 643, 649, 653, 675, 690, 696, 710, 711, 715, 727, 734, 
752, 775, 777, 780, 795, 805, 844, 857, 872, 877, 886, 888, 
891, 892, 893, 930, 934, 937, 938, 958, 966, 971, 978, 981, 
985, 995, 997 ]
Tempo total: 0.026000s


Percurso em ordem:
11 21 33 42 48 50 67 74 105 121 123 130 136 148 150 177 195 
209 219 225 229 239 264 271 275 276 281 287 297 331 339 340 
396 405 411 424 435 441 463 465 471 489 492 522 528 533 548 
554 556 559 561 574 581 582 584 585 594 600 614 632 640 642 
643 649 653 675 690 696 710 711 715 727 734 752 775 777 780 
795 805 844 857 872 877 886 888 891 892 893 930 934 937 938 
958 966 971 978 981 985 995 997
Percurso em pré-ordem:
888 556 150 21 11 123 121 67 48 42 33 50 105 74 136 130 148 
281 271 209 177 195 264 225 219 239 229 275 276 522 396 331 
287 297 340 339 471 424 411 405 441 435 465 463 489 492 533 
528 548 554 594 561 559 574 581 582 585 584 653 643 642 600 
632 614 640 649 872 805 734 696 675 690 710 727 711 715 775 
752 795 780 777 844 857 886 877 985 981 893 891 892 934 930 
938 937 978 971 966 958 997 995
Percurso em pós-ordem:
11 33 42 50 48 74 105 67 121 130 148 136 123 21 195 177 219 
229 239 225 264 209 276 275 271 297 287 339 340 331 405 411 
435 463 465 441 424 492 489 471 396 528 554 548 533 522 281 
150 559 584 585 582 581 574 561 614 640 632 600 642 649 643 
690 675 715 711 727 710 696 752 777 780 795 775 734 857 844 
805 877 886 872 653 594 556 892 891 930 937 958 966 971 978 
938 934 893 981 995 997 985 888